Putnam
1 
20 
20 
10 
15 
10 
15 
4 
0 
494 
0 
16 
220 
28 
221 
28 
206 
45 
0 
0 
0 
0 
0 
0 
0 
0 
0 
51 
50 
0 
0 
0 
0 
0 
38 
0 
0 
0 
0 
0 
0 
0 
0 
0 
0 
1 
0 
0 
0 
7 
0 
0 
54 
14 
1 
0 
1 
0 
0 
1 
1 
1 
1 
0 
1 
1 
0 
0 
0 
1 
0 
1 
9 
0 
5 
1 
-1 
0 
0 
1 
1 
0 
0 
0 
2 
1 
0 
1 
20 
1 
0 
2 
15 
-1 
0 
1 
0 
1 
0 
4 
0 
0 
0 
1 
24 
0 
24 
0 
8 
0 
0 
0 
0 
0 
0 
1 
0 
1 
0 
2 
1 
0 
3 
0 
0 
3 
0 
1 
4 
0 
0 
0 
2 
0 
1 
1 
1 
2 
1 
0 
1 
1 
0 
1 
1 
0 
0 
0 
0 
0 
0 
0 
0 
0 
0 
0 
0 
0 
0 
0 
0 
1 
1 
1 
1 
0 
0 
1 
1 
1 
1 
1 
1 
1 
1 
1 
1 
1 
1 
0 
1 
1 
1 
1 
1 
0 
0 
0 
0 
0 
0 
0 
0 
0 
0 
0 
0 
0 
0 
0 
0 
0 
0 
0 
0 
0 
0 
0 
0 
0 
0 
0 
0 
0 
0 
0 
0 
0 
0 
0 
0 
0 
0 
0 
0 
0 
0 
0 
0 
205 
0 
0 
0 
0 
0 
0 
0 
0 
0 
0 
0 
0 
0 
0 
0 
0 
0 
0 
0 
0 
0 
0 
0 
0 
0 
0 
0 
0 
0 
0 
0 
0 
0 
0 
0 
0 
0 
0 
0 
0 
0 
0 
0 
0 
0 
0 
0 
0 
0 
1 
0 
0 
0 
1 
0 
0 
0 
0 
0 
1 
0 
0 
1 
0 
0 
0 
0 
0 
0 
1 
0 
0 
0 
0 
2 
0 
0 
0 
0 
0 
0 
0 
0 
0 
0 
0 
0 
0 
1 
0 
0 
0 
0 
0 
0 
0 
0 
0 
0 
14 
25 
34 
3 
46 
0 
0 
0 
0 
0 
0 
0 
31 
32 
34 
34 
34 
30 
32 
32 
34 
29 
999 
0 
0 
0 
0 
0 
0 
0 
0 
0 
0 
0 
0 
0 
0 
0 
0 
0 
0 
0 
0 
0 
0 
0 
0 
0 
0 
0 
0 
1500 
1 
0 
2 
1 
1 
3 
3 
0 
0 
0 
0 
0 
0 
0 
0 
0 
0 
26 
2 
1 
0 
1 
1 
1 
0 
0 
30 
1 
0 
0 
40 
50 
0 
2 
1 
0 
0 
0 
0 
0 
0 
0 
0 
6 
6 
0 
4 
1 
1 
0 
0 
0 
0 
3 
2 
3 
4 
1 
0 
0 
0 
2 
1 
1 
1 
1 
1 
1 
0 
3 
0 
0 
0 
0 
2 
0 
0 
0 
0 
1 
1 
0 
1 
2 
3 
2 
0 
0 
3 
0 
0 
0 
0 
1 
0 
0 
0 
0 
17 
0 
1 
1 
1 
2 
1 
0 
1 
3 
2 
1 
0 
0 
0 
0 
0 
0 
0 
0 
0 
0 
0 
0 
0 
0 
0 
0 
0 
0 
0 
0 
0 
0 
0 
0 
0 
0 
0 
0 
0 
0 
1 
0 
0 
0 
5 
0 
0 
0 
0 
0 
0 
0 
0 
0 
0 
0 
0 
0 
0 
0 
208 
1 
1 
1 
332 
319 
535804 